0 Beijing 116.39824999999998 40.045975000000006
1 Tianjin 117.31135714285715 39.091435714285716
2 Shijiazhuang 114.5019875 38.0362875
3 Tangshan 118.18291666666666 39.64495333333334
4 Qinhuangdao 119.6069 39.93616
5 Handan 114.51387499999998 36.607859999999995
6 Baoding 115.4852 38.876266666666666
7 Zhangjiakou 114.89582 40.816862
8 Chengde 117.92774 40.96416
9 Langfang 116.729525 39.545975
10 Cangzhou 116.87156666666668 38.31576666666667
11 Hengshui 115.6761 37.744800000000005
12 Xingtai 114.506675 37.0771
13 Taiyuan 112.52224444444444 37.857200000000006
14 Huhehaote 111.6653375 40.8014625
15 Dalian 121.62777334000002 38.94953
16 Shanghai 121.4501499 31.212320100000007
17 Nanjing 118.77499999999999 32.062566666666676
18 Suzhou 119.61407272727273 31.93897272727273
19 Nantong 120.8786 31.99044
20 Lianyungang 119.25825 34.6568
21 Xuzhou 117.21575714285716 34.25584285714286
22 Yangzhou 119.423 32.3943
23 Wuxi 120.29012499999999 31.568912499999996
24 Changzhou 119.96171666666665 31.787433333333336
25 Zhenjiang 119.50750000000001 32.1852
26 Taizhou 120.5229857142857 30.79887142857143
27 Huaian 119.03584000000001 33.58214
28 Yancheng 120.15700000000001 33.39075
29 Suqian 118.2811 33.955650000000006
30 Hangzhou 120.0819090909091 30.21117272727272
31 Ningbo 121.627625 29.871074999999998
32 Shaoxing 120.593 30.03
33 Huzhou 120.08766666666666 30.8576
34 Jiaxing 120.74433333333333 30.766366666666666
35 Jinhua 119.66066666666666 29.09766666666667
36 Quzhou 118.86566666666668 28.960433333333338
37 Lishui 119.90766666666666 28.444366666666667
38 Hefei 117.24780000000001 31.848240000000004
39 Nanchang 115.87740000000001 28.692855555555557
40 Jinan 116.976925 36.64675
41 Qingdao 120.39307777777779 36.15021111111111
42 Zhengzhou 113.65199999999999 34.77668888888889
43 Wuhan 114.25386 30.539599999999997
44 Zhangsha 112.98362999999999 28.205220000000004
45 Zhongqing 106.50935294117647 29.594882352941173
46 Chengdou 104.01400000000001 30.70405
47 Xian 108.98989230769229 34.30498461538461
48 Lanzhou 103.8326 36.04752
49 Yinchuan 106.14608333333335 38.50275
50 Baotou 109.90826666666668 40.627783333333326
51 Eerduosi 109.90195999999999 39.72498
52 Panjin 121.9712 41.1167
53 Huludao 120.864825 40.7384
54 Laiwu 117.69296666666666 36.214
55 Linyi 118.3286 35.04769999999999
56 Dezhou 116.2993 37.45523333333333
57 Liaocheng 115.98836666666666 36.45786666666667
58 Binzhou 117.9952 37.37833333333333
59 Zibo 118.00925 36.73423333333333
60 Zaozhuang 117.52212000000002 34.81762
61 Yantai 121.37426666666666 37.50281666666667
62 Weifang 119.14194 36.712720000000004
63 Jining 116.59023333333333 35.41543333333333
64 Taian 117.11326666666666 36.188066666666664
65 Rizhao 119.50796666666668 35.41246666666667
66 Dongying 118.64350000000002 37.429874999999996
67 Heze 115.45083066666666 35.25212966666667
68 Datong 113.30811666666669 40.09738333333333
69 Zhangzhi 113.10635208000001 36.188572199999996
70 Linfen 111.51325000000001 36.076483333333336
71 Yangquan 113.56226666666667 37.860699999999994
72 Jinzhou 121.1185 41.05882
73 Wuhu 118.37395000000001 31.36785
74 Maanshan 118.52462 31.69678
75 Jiujiang 115.9988875 29.675712499999996
76 Luoyang 112.42162857142857 34.659
77 Anyang 114.36802 36.08646
78 Kaifeng 114.33535 34.793625
79 Jiaozuo 113.2334 35.22085
80 Pingdingshan 113.2756 33.7296
81 Sanmenxia 111.17137500000001 34.79065
82 Yichang 111.31052 30.70758
83 Jingzhou 112.2502 30.32483333333333
84 Yueyang 113.15066666666665 29.403616666666665
85 Changde 111.69448 29.040460000000003
86 Zhangjiajie 110.48769999999999 29.233199999999997
87 Mianyang 104.73285 31.47535
88 Yibin 104.62036666666667 28.775138333333334
89 Luzhou 105.43465 28.9
90 Zigong 104.75500000000001 29.354725
91 Deyang 104.39235000000001 31.1204
92 Nanchong 106.08621666666666 30.803066666666666
93 Xianyang 108.714 34.34795
94 Tongchuan 109.00715 34.987
95 Yanan 109.4693 36.6044
96 Baoji 107.18958750000002 34.354125
97 Weinan 109.4811 34.501400000000004
98 Shizuishan 106.547775 39.047425000000004
99 Shouguang 118.763 36.8725
100 Zhangqiu 117.541 36.71
101 Jimo 120.53999999999999 36.415
102 Jiaonan 120.02199999999999 35.875
103 Jiaozhou 120.011 36.268
104 Laixi 120.52600000000001 36.875
105 Pingdu 119.964 36.795500000000004
106 Penglai 120.76 37.817
107 Zhaoyuan 120.3965 37.369
108 Laizhou 119.95 37.1785
109 Rushan 121.5375 36.91
110 Wujiang 120.64299999999999 31.165666666666667
111 Kunshan 120.976 31.384500000000003
112 Changshu 120.73766666666666 31.665666666666667
113 Zhangjiagang 120.53800000000001 31.878
114 Taicang 121.1275 31.4375
115 Jurong 119.16300000000001 31.955
116 Jiangyin 120.269 31.916333333333338
117 Yixing 119.806 31.362499999999997
118 Jintan 119.579 31.744
119 Liyang 119.44899999999998 31.3585
120 Haimen 121.1635 31.896
121 Linan 119.70625 30.23385
122 Fuyang 117.47873999999999 31.748939999999997
123 Yiwu 120.06550000000001 29.319499999999998
124 Zhuji 120.23 29.7255
125 Xinyang 114.061525 32.13015
126 Zhoukou 114.65715 33.621500000000005
127 Jincheng 112.84638333333332 35.50058333333333
128 Shuozhou 112.43119999999999 39.34474
129 Jinzhong 112.72947500000001 37.702725
130 Yuncheng 111.01356000000001 35.05214
131 Xinzhou 112.72473333333335 38.454433333333334
132 Lu:liang 111.13286666666666 37.52266666666666
133 Wuhai 106.80796666666667 39.675333333333334
134 Bayannaoer 107.46206666666667 40.80486666666667
135 Wulanchabu 113.114 41.015150000000006
136 Alashanmeng 105.69966666666666 38.84296666666666
137 Chaoyang 120.427775 41.585
138 Yichun 119.8960875 35.3634375
139 Bangbu 117.35681666666669 32.929249999999996
140 Huainan 116.87381666666666 32.65495
141 Huaibei 116.7973 33.940266666666666
142 Tongling 117.80895 30.929616666666664
143 Anqing 117.0307 30.547400000000003
144 Huangshan 118.25546666666666 29.903033333333337
145 Chuzhou 118.31653333333334 32.3
146 Liuan 116.514725 31.76245
147 Chizhou 117.48263333333334 30.65233333333333
148 Xuancheng 118.73806666666667 30.953999999999997
149 Jingdezhen 117.2242 29.304219999999997
150 Yingtan 117.01343999999999 28.20856
151 Shangrao 117.9583 28.448825
152 Hebi 114.25113333333333 35.794533333333334
153 Xinxiang 113.88225 35.291
154 Puyang 115.0404 35.76605
155 Xuchang 113.81483333333334 34.0128
156 Luohe 114.0268 33.570325000000004
157 Nanyang 112.52984 32.99454
158 Shangqiu 115.65547500000001 34.416650000000004
159 Zhumadian 114.00903333333333 32.98930000000001
160 Huangshi 115.00312000000001 30.205740000000002
161 Shiyan 110.8579 32.563675
162 Xiangfan 112.171825 32.07015
163 Ezhou 114.8666 30.393033333333335
164 Jingmen 112.20312500000001 31.028399999999998
165 Xiaogan 113.92865 30.918
166 Huanggang 114.89425 30.4632
167 Xianning 114.313325 29.840425
168 Suizhou 113.37996666666668 31.71636666666667
169 Enshizhou 109.4864 30.290399999999998
170 Yiyang 112.36110000000001 28.59404
171 Xiangxizhou 109.68990000000001 28.280066666666666
172 Yulin 109.91012857142857 31.588085714285715
173 Guangyuan 105.84909999999999 32.437375
174 Suining 105.71090000000001 30.575674999999997
175 Neijiang 105.052675 29.588475
176 Leshan 103.7602 29.573800000000002
177 Meishan 103.85595 30.067275
178 Guangan 106.63355999999999 30.476279999999996
179 Dazhou 107.50337999999999 31.22138
180 Yaan 103.005325 29.99185
181 Bazhong 106.75435000000002 31.854325
182 Ziyang 104.6405 30.133
183 Hanzhong 107.00515 33.100224999999995
184 Ankang 109.02213333333333 32.68973333333333
185 Shangluo 109.9407 33.8612
186 Baiyin 104.1731 36.546949999999995
187 Tianshui 105.86483333333332 34.497866666666674
188 Pingliang 106.68655000000001 35.53775
189 Qingyang 107.65336666666667 35.65306666666667
190 Dingxi 104.61985 35.58445
191 Longnan 105.0064 33.3561
192 Linxiazhou 103.21015 35.6018
193 Wuzhong 106.1839 37.973833333333324
194 Zhongwei 105.13226666666667 37.32293333333334
195 Guyuan 106.24953333333333 36.055