0 Beijing 116.39824999999998 40.045975000000006
1 Tianjin 117.32216666666666 39.07768333333333
2 Shijiazhuang 114.49317142857144 38.033628571428565
3 Tangshan 118.18291666666666 39.64495333333334
4 Qinhuangdao 119.606875 39.936249999999994
5 Handan 114.51387499999998 36.607859999999995
6 Baoding 115.4852 38.876266666666666
7 Zhangjiakou 114.90084999999999 40.80275
8 Chengde 117.92774 40.96416
9 Langfang 116.7151 39.52605
10 Cangzhou 116.87156666666668 38.31576666666667
11 Hengshui 115.6761 37.744800000000005
12 Xingtai 114.506675 37.0771
13 Taiyuan 112.50899999999999 37.8489
14 Huhehaote 111.66738571428571 40.80768571428571
15 Dalian 121.62808148888888 38.95904567888889
16 Shanghai 121.45294433333333 31.210789000000002
17 Nanjing 118.77449999999999 32.0488
18 Suzhou 119.52117999999999 32.002930000000006
19 Nantong 120.8786 31.99044
20 Lianyungang 119.176 34.5885
21 Xuzhou 117.23046000000002 34.260400000000004
22 Yangzhou 119.3965 32.39305
23 Wuxi 120.28957142857143 31.570185714285714
24 Changzhou 119.94533333333334 31.7911
25 Zhenjiang 119.53366666666666 32.1784
26 Taizhou 120.62981666666667 30.54818333333333
27 Huaian 119.03584000000001 33.58214
28 Yancheng 120.16633333333334 33.39703333333333
29 Suqian 118.3072 33.9517
30 Hangzhou 120.0819090909091 30.21117272727272
31 Ningbo 121.62942857142858 29.866699999999998
32 Shaoxing 120.605 29.9919
33 Huzhou 120.07 30.8244
34 Jiaxing 120.735 30.7712
35 Jinhua 119.66650000000001 29.08995
36 Quzhou 118.86566666666668 28.960433333333338
37 Lishui 119.90766666666666 28.444366666666667
38 Hefei 117.24780000000001 31.848240000000004
39 Nanchang 115.873075 28.702825
40 Jinan 117.00885 36.6576
41 Qingdao 120.36067142857142 36.14881428571428
42 Zhengzhou 113.66537142857143 34.760628571428576
43 Wuhan 114.2870125 30.5767625
44 Zhangsha 112.98362999999999 28.205220000000004
45 Zhongqing 106.50192307692306 29.617815384615387
46 Chengdou 104.002 30.715500000000002
47 Xian 108.99450909090909 34.30269090909091
48 Lanzhou 103.86275 36.0405
49 Yinchuan 106.1066 38.53423333333333
50 Baotou 109.90826666666668 40.627783333333326
51 Eerduosi 109.90195999999999 39.72498
52 Huludao 120.864825 40.7384
53 Laiwu 117.6789 36.2289
54 Linyi 118.3286 35.04769999999999
55 Liaocheng 115.98415 36.4584
56 Binzhou 117.9952 37.37833333333333
57 Zibo 118.02022000000002 36.75354
58 Zaozhuang 117.51355000000001 34.806025
59 Yantai 121.36026666666667 37.5074
60 Weifang 119.15213333333332 36.72526666666667
61 Jining 116.59023333333333 35.41543333333333
62 Taian 117.11326666666666 36.188066666666664
63 Rizhao 119.49195 35.4206
64 Dongying 118.5019 37.4658
65 Heze 115.45083066666666 35.25212966666667
66 Datong 113.31258 40.097699999999996
67 Zhangzhi 113.0949861 36.18655
68 Linfen 111.518825 36.07985
69 Yangquan 113.56226666666667 37.860699999999994
70 Jinzhou 121.1185 41.05882
71 Wuhu 118.37395000000001 31.36785
72 Maanshan 118.52462 31.69678
73 Jiujiang 115.98975714285714 29.673300000000005
74 Luoyang 112.41968333333334 34.65716666666667
75 Anyang 114.37566666666665 36.086
76 Kaifeng 114.3336 34.79076666666667
77 Jiaozuo 113.2242 35.21613333333333
78 Pingdingshan 113.26013333333333 33.73246666666667
79 Sanmenxia 111.1754 34.7856
80 Yichang 111.31052 30.70758
81 Jingzhou 112.2502 30.32483333333333
82 Yueyang 113.15066666666665 29.403616666666665
83 Changde 111.70665 29.05795
84 Zhangjiajie 110.50303333333333 29.20593333333333
85 Mianyang 104.73285 31.47535
86 Yibin 104.62036666666667 28.775138333333334
87 Luzhou 105.43465 28.9
88 Zigong 104.76195 29.351950000000002
89 Deyang 104.39235000000001 31.1204
90 Nanchong 106.08621666666666 30.803066666666666
91 Xianyang 108.6997 34.3399
92 Tongchuan 108.98766666666666 34.949533333333335
93 Yanan 109.48803333333335 36.5967
94 Baoji 107.18958750000002 34.354125
95 Weinan 109.46503333333334 34.4985
96 Shizuishan 106.547775 39.047425000000004
97 Zhangqiu 117.541 36.71
98 Jimo 120.47 36.39
99 Jiaonan 120.005 35.878
100 Jiaozhou 120.014 36.253
101 Laixi 120.515 36.885
102 Pingdu 119.95200000000001 36.792
103 Penglai 120.76 37.817
104 Zhaoyuan 120.399 37.374
105 Laizhou 119.95 37.1785
106 Rushan 121.531 36.913000000000004
107 Wujiang 120.64299999999999 31.165666666666667
108 Taicang 121.14 31.421999999999997
109 Jurong 119.146 31.955
110 Jiangyin 120.269 31.916333333333338
111 Yixing 119.818 31.354
112 Jintan 119.579 31.744
113 Liyang 119.44899999999998 31.3585
114 Linan 119.7183 30.2366
115 Fuyang 117.2097 31.934033333333332
116 Yiwu 120.06550000000001 29.319499999999998
117 Xinyang 114.061525 32.13015
118 Zhoukou 114.65715 33.621500000000005
119 Jincheng 112.84638333333332 35.50058333333333
120 Shuozhou 112.43119999999999 39.34474
121 Jinzhong 112.73200000000001 37.707233333333335
122 Yuncheng 111.007025 35.055324999999996
123 Xinzhou 112.72473333333335 38.454433333333334
124 Lu:liang 111.1406 37.5211
125 Wuhai 106.80796666666667 39.675333333333334
126 Bayannaoer 107.50735 40.8384
127 Wulanchabu 113.1306 40.9923
128 Alashanmeng 105.69966666666666 38.84296666666666
129 Chaoyang 120.42083333333335 41.59093333333334
130 Bangbu 117.35681666666669 32.929249999999996
131 Huainan 116.8364 32.66645
132 Huaibei 116.7973 33.940266666666666
133 Tongling 117.80895 30.929616666666664
134 Anqing 117.02473333333334 30.546900000000004
135 Huangshan 118.25546666666666 29.903033333333337
136 Chuzhou 118.31653333333334 32.3
137 Liuan 116.514725 31.76245
138 Chizhou 117.48355000000001 30.6578
139 Xuancheng 118.73806666666667 30.953999999999997
140 Jingdezhen 117.2242 29.304219999999997
141 Yingtan 117.01343999999999 28.20856
142 Shangrao 117.9583 28.448825
143 Hebi 114.25113333333333 35.794533333333334
144 Xinxiang 113.86766666666666 35.294999999999995
145 Puyang 115.057 35.76573333333334
146 Xuchang 113.81184999999999 34.0035
147 Luohe 114.0268 33.570325000000004
148 Nanyang 112.5317 32.990125000000006
149 Shangqiu 115.6547 34.421533333333336
150 Zhumadian 114.00903333333333 32.98930000000001
151 Huangshi 115.01512500000001 30.213050000000003
152 Shiyan 110.8579 32.563675
153 Xiangfan 112.171825 32.07015
154 Ezhou 114.8666 30.393033333333335
155 Jingmen 112.20646666666669 31.025366666666667
156 Xiaogan 113.92865 30.918
157 Huanggang 114.9028 30.4742
158 Xianning 114.313325 29.840425
159 Suizhou 113.37996666666668 31.71636666666667
160 Enshizhou 109.4864 30.290399999999998
161 Yiyang 112.34146666666668 28.581833333333332
162 Xiangxizhou 109.71415 28.2922
163 Guangyuan 105.84909999999999 32.437375
164 Suining 105.69723333333333 30.574333333333332
165 Neijiang 105.052675 29.588475
166 Leshan 103.7602 29.573800000000002
167 Meishan 103.87010000000001 30.069
168 Guangan 106.63206666666667 30.459666666666667
169 Dazhou 107.50337999999999 31.22138
170 Yaan 103.0109 29.9834
171 Ziyang 104.6405 30.133
172 Hanzhong 107.01043333333332 33.07223333333334
173 Ankang 109.02213333333333 32.68973333333333
174 Shangluo 109.9154 33.8715
175 Baiyin 104.1731 36.546949999999995
176 Tianshui 105.79475 34.573350000000005
177 Pingliang 106.68655000000001 35.53775
178 Qingyang 107.65336666666667 35.65306666666667
179 Dingxi 104.61985 35.58445
180 Linxiazhou 103.21015 35.6018
181 Wuzhong 106.19925 37.97835
182 Zhongwei 105.18855 37.258700000000005
183 Guyuan 106.24953333333333 36.055
